% bip positive
1	1	1	1133386738
1	2	1	1133386764
2	3	1	1185178047
2	3	1	1185178054
3	4	1	1188246956
3	5	1	1188247026
4	6	1	1189932275
5	7	1	1190971081
6	8	1	1206679825
5	8	1	1190971182
5	9	1	1190971207
7	10	1	1269501764
5	11	1	1191912980
8	12	1	1329623959
8	12	1	1192045247
9	13	1	1199558023
9	13	1	1193682779
10	14	1	1194928965
10	15	1	1194929120
10	15	1	1196044705
10	15	1	1196044710
11	16	1	1196633410
12	17	1	1198575304
13	18	1	1200951814
13	19	1	1200951820
6	20	1	1206077697
6	21	1	1206077712
14	22	1	1206618048
13	23	1	1210700207
15	24	1	1210763765
15	25	1	1210763909
16	26	1	1410355133
17	26	1	1231392702
14	27	1	1264349891
8	28	1	1421017438
18	29	1	1438202210
8	29	1	1424392612
8	30	1	1424582774
18	30	1	1438202117
8	31	1	1424584894
8	32	1	1426641805
19	33	1	1429226339
20	33	1	1429245578
20	33	1	1426643098
20	34	1	1426643098
20	35	1	1426643099
19	35	1	1429226339
20	35	1	1429245578
19	36	1	1429226339
20	36	1	1426643099
20	36	1	1429245578
20	37	1	1426643099
18	38	1	1438202118
18	39	1	1438202210
21	40	1	1438644757
21	41	1	1443815988
21	42	1	1443815989
21	43	1	1443815989
21	44	1	1443815989
21	45	1	1443815989
21	46	1	1443815989
21	47	1	1443815989
